%YAML:1.0
---
model_type: KANNALA_BRANDT
camera_name: camera
image_width: 1440 
image_height: 1080
projection_parameters:
  k2: -0.03843622792783702
  k3: -0.002634177248264113
  k4: 0.002422949539367233
  k5: -0.001382691294699419
  mu: 701.4545727023193 
  mv: 700.1179107526791
  u0: 680.2585465191044
  v0: 537.6794158094971