%YAML:1.0
---
model_type: KANNALA_BRANDT
camera_name: camera
image_width: 1440 
image_height: 1080
projection_parameters:
  k2: -0.04459393782932651
  k3: 0.01237852934390858
  k4: -0.01313451092983728
  k5: 0.003895777285135927 
  mu: 701.6656970672693
  mv: 700.8504216642683
  u0: 675.8628766265481
  v0: 534.6583586732144