%YAML:1.0
---
model_type: KANNALA_BRANDT
camera_name: camera
image_width: 640 
image_height: 480
projection_parameters:
  k2: -0.013721816 
  k3: 0.02072743
  k4: -0.01278648
  k5: 0.00252423
  mu: 278.667230664 
  mv: 278.4899141 
  u0: 319.75221201
  v0: 241.9685891