%YAML:1.0
---
model_type: KANNALA_BRANDT
camera_name: camera
image_width: 640 
image_height: 480
projection_parameters:
  k2: -0.0121380509182850516 
  k3: 0.02244029339184358
  k4: -0.013753165428754275
  k5: 0.002725090438517269
  mu: 274.46283090706724 
  mv: 273.9261674470783 
  u0: 315.93654481793794
  v0: 235.779167375461