%YAML:1.0
---
model_type: KANNALA_BRANDT
camera_name: camera
image_width: 640 
image_height: 480
projection_parameters:
  k2: -6.545154718304953e-06 
  k3: -0.010379525898159981
  k4: 0.014935312423953146
  k5: -0.005639061406567785
  mu: 275.46015578667294 
  mv: 274.9948095922592 
  u0: 315.958384100568
  v0: 242.7123497822731