%YAML:1.0
---
model_type: KANNALA_BRANDT
camera_name: camera
image_width: 640 
image_height: 480
projection_parameters:
  k2: -0.0084569316 
  k3: 0.01140759
  k4: -0.006951798
  k5: 0.00153681
  mu: 277.616406364 
  mv: 277.63749696 
  u0: 314.894470331
  v0: 236.0431005