%YAML:1.0
---
model_type: KANNALA_BRANDT
camera_name: camera
image_width: 640 
image_height: 480
projection_parameters:
  k2: -0.005719912631104124316 
  k3: 0.004742449009601135
  k4: 0.0012060658036136048
  k5: -0.001580292679344826
  mu: 277.47868964846454 
  mv: 277.425485488400344 
  u0: 320.105205357638531
  v0: 242.10083077857894