%YAML:1.0
---
model_type: KANNALA_BRANDT
camera_name: camera
image_width: 640 
image_height: 480
projection_parameters:
  k2: 0.0278604926213774433316 
  k3: -0.027723581962855317
  k4: 0.0375199775145906498
  k5: -0.018152613898714216
  mu: 273.28952383765054 
  mv: 273.35830490745764 
  u0: 314.605573785201331
  v0: 251.0359907029701