%YAML:1.0
---
model_type: KANNALA_BRANDT
camera_name: camera
image_width: 640 
image_height: 480
projection_parameters:
  k2: -0.017811595366268803316 
  k3: 0.04897078939103475
  k4: -0.04136330078284783498
  k5: 0.011440891936886532
  mu: 275.338545350658764 
  mv: 275.08520585341526 
  u0: 315.769775218179231
  v0: 233.72625444124952