%YAML:1.0
---
model_type: PINHOLE
camera_name: camera
image_width: 640 
image_height: 480
distortion_parameters:
   k1: -0.005719912631104124
   k2: 0.004742449009601135
   p1: 0.0012060658036136048
   p2: -0.001580292679344826
projection_parameters:
   fx: 277.4786896484645
   fy: 277.42548548840034
   cx: 320.1052053576385
   cy: 242.10083077857894